0 禄川 1 62 236
1 禄莲江 2 130 236
2 孱亭 1 236 236
3 马尚 2 236 85
4 南定 3 236 168
5 果里 4 236 291
6 花沟 1 236 336
7 唐坊 2 236 386
8 西里 3 326 85
9 马桥 2 326 168
10 迤车 1 326 236
11 矿山 3 326 291
12 大井 2 326 336
13 待补 1 326 400
14 老厂 2 376 236
15 五星 4 423 236
16 纸厂 3 87 100
17 火红 2 130 100
18 雨碌 3 87 168
19 大桥 1 130 168
20 田坝 2 200 100
21 万安 3 380 168
22 略坪 1 376 291
23 慧觉 4 133 283
24 调元 1 400 336
25 悦来 2 50 400
26 石龙 3 100 400 
27 雒城 1 100 350
28 南兴 3 50 350
29 小汉 4 100 330
30 永丰 1 50 330
31 冰川 2 30 330
32 文区 1 326 500
33 万川 2 326 600
34 火坪 3 426 600
35 新厂 4 526 600
36 爱卿 1 529 500