0 1 100 2
1 2 150 2
2 4 100 2
3 4 100 2
2 5 120 2
5 6 100 2
6 7 30 2
2 10 100 2
8 9 120 2
9 10 70 2
10 11 80 2
11 12 70 2
12 13 120 2
10 14 30 2
14 15 60 2
16 17 70 1
16 18 90 1
17 19 50 1
18 19 50 1
17 20 60 1
1 18 100 1
4 19 120 1
4 9 200 1
9 21 200 1
14 21 200 1
14 22 150 1
11 22 100 1
1 23 100 1
5 23 100 1
6 12 200 1
12 24 200 1
25 26 100 2
26 27 100 2
27 28 100 2
28 25 100 2
27 29 120 1
28 30 120 1
29 30 120 1
30 31 100 1
13 32 200 1
32 33 100 1
33 34 100 1
34 35 100 1
35 36 100 1
32 36 200 1